647
184
1139
588
192
2630
1588
3107
111
734
1528
76
613
1824
1308
1330
502
213
188
78
78
1824
1528
734
1330
1308
502
213
111
1588
2630
1139
188
647
76
184
3107
192
613
588
734
1528
502
1588
2630
1308
188
213
3107
111
76
1330
192
78
1139
647
588
613
184
1824
111
2630
1824
1330
734
588
613
3107
192
76
184
213
1139
1308
188
1528
1588
647
78
502
3107
502
192
1139
1824
1330
1528
2630
1588
184
734
647
613
188
111
78
1308
213
76
588
1330
1528
1308
188
734
78
2630
3107
111
588
184
647
213
76
1824
613
1588
502
192
1139
734
613
111
188
3107
2630
588
192
1330
1308
78
1824
502
1139
1588
184
1528
76
647
213
1308
1330
78
1139
192
111
76
1528
184
734
2630
1824
502
188
213
588
613
647
1588
3107
78
502
1308
188
1330
76
3107
588
1824
184
111
213
192
613
647
1139
1528
734
1588
2630
2630
1330
188
3107
192
184
76
213
502
1528
78
647
1139
1308
734
1588
613
588
111
1824
1588
647
188
184
588
3107
192
2630
1308
613
1330
111
734
76
213
1528
1824
78
1139
502
1139
734
1308
613
502
188
213
647
1824
2630
1330
78
111
3107
184
588
192
76
1588
1528
78
2630
111
213
1330
1588
734
1308
613
3107
192
188
184
76
1824
647
1139
588
502
1528
2630
1330
78
111
1139
1308
647
192
213
3107
502
588
613
1588
1528
76
188
1824
734
184
111
192
78
1139
3107
1330
502
1528
588
734
1588
1824
76
2630
613
647
188
184
213
1308
1308
1528
188
1824
78
502
213
76
184
613
647
1139
1330
588
111
734
2630
192
3107
1588
647
734
2630
184
78
1824
3107
192
588
188
1588
1330
1528
76
502
213
1308
1139
111
613
1528
613
1308
1139
734
1330
76
588
1588
184
213
502
2630
1824
188
192
647
3107
111
78
647
1139
613
1588
588
1330
1308
213
502
1824
184
188
734
111
3107
192
2630
78
1528
76
1139
111
2630
1330
76
502
3107
1588
1528
188
647
613
734
1308
192
213
1824
184
588
78
1308
192
2630
1139
502
78
213
184
76
588
1528
613
1824
1588
647
734
3107
111
1330
188
188
588
3107
1330
734
647
1824
192
613
1308
111
78
2630
76
213
1588
1528
502
184
1139
192
76
184
2630
188
588
1588
1330
111
213
1139
1824
502
613
1528
3107
647
734
1308
78
1824
734
2630
192
1139
213
188
78
3107
1528
613
76
1588
1330
647
1308
111
588
502
184
3107
647
111
76
184
1308
734
2630
188
1139
1824
192
613
213
1330
1528
588
78
1588
502
734
2630
502
1588
76
1528
192
184
1330
78
1308
3107
213
188
1139
613
1824
588
647
111
1308
1330
192
78
111
613
502
76
1528
588
213
734
184
647
1588
2630
1139
188
3107
1824
213
1588
111
613
734
2630
1330
1308
1824
647
76
184
192
78
588
502
3107
1528
1139
188
1330
1528
192
188
502
184
647
1139
734
111
1824
1588
588
1308
2630
613
213
3107
76
78
192
1330
1588
78
734
1308
588
1139
502
188
76
1528
184
647
1824
111
213
3107
2630
613
1308
1330
1528
184
588
76
734
647
188
192
78
1824
1139
111
3107
1588
613
213
502
2630
1139
184
1588
213
1528
76
1308
588
1330
647
111
1824
502
734
613
188
192
78
3107
2630
1824
647
502
1139
1528
1588
2630
3107
1308
213
111
192
184
613
188
78
588
1330
76
734
734
78
213
2630
1139
1588
647
188
613
1824
588
111
3107
1528
76
192
1330
184
1308
502
613
1308
1139
502
76
588
734
78
1330
213
184
1824
188
111
1588
3107
192
647
1528
2630
502
1824
613
1588
76
184
213
1330
192
2630
588
3107
1139
1528
78
734
647
188
1308
111
647
76
1308
184
78
613
2630
111
1588
502
192
1139
1330
1824
3107
213
1528
188
588
734
213
1308
111
1528
2630
3107
502
192
188
734
613
1588
1824
76
1330
647
184
78
588
1139
111
734
213
1528
1139
3107
1824
192
76
2630
188
184
588
502
1330
1588
647
613
78
1308
2630
502
1588
1824
188
734
588
192
613
647
1139
76
111
1308
184
1330
3107
213
78
1528
78
76
184
188
192
1824
734
1330
588
1308
1139
3107
647
2630
502
1588
1528
111
613
213
188
184
588
192
502
1308
1330
734
1588
213
111
3107
1139
1824
647
78
1528
613
2630
76
213
192
111
502
78
734
3107
1824
1139
1528
613
188
76
1308
588
1588
2630
1330
647
184
734
111
3107
78
647
1330
188
588
502
76
2630
1139
1588
184
613
1308
213
1824
1528
192
1139
1588
1528
613
1308
213
184
1330
2630
734
76
188
78
192
647
111
3107
588
1824
502
2630
78
184
111
1330
1139
213
1308
502
76
1588
588
734
192
613
1528
647
1824
3107
188
3107
1588
2630
78
192
613
1528
1139
213
647
1824
76
1330
111
1308
188
184
588
734
502
1528
2630
1588
647
588
613
734
1330
1139
1308
78
1824
3107
184
502
76
192
111
188
213
734
1139
1824
2630
213
111
613
1330
188
502
1308
588
192
184
1588
647
1528
76
3107
78
647
1824
1308
1330
588
1588
192
613
734
78
213
502
111
184
2630
3107
76
1139
1528
188
