8582
3938
62
10508
2830
5846
3407
2850
2228
61
2503
5296
1880
5141
11447
381
12888
192
5427
10960
10508
3938
2228
381
2503
2850
5141
12888
61
2830
5296
11447
8582
10960
62
3407
192
1880
5427
5846
2503
5427
3407
5141
2850
61
10960
62
8582
5296
2228
381
2830
12888
11447
10508
3938
1880
192
5846
2228
192
2503
2830
1880
5846
5141
61
5296
8582
10508
11447
10960
3938
3407
381
2850
5427
62
12888
5296
61
11447
10960
192
2228
1880
2830
62
3407
8582
3938
381
5427
2503
10508
2850
5141
5846
12888
5846
1880
3407
2503
11447
5296
192
5427
10960
2850
61
2228
2830
10508
5141
381
3938
8582
12888
62
8582
11447
5141
192
10508
2503
381
2830
5846
5427
12888
3938
5296
62
1880
3407
10960
2228
2850
61
5427
12888
2850
10508
3938
5141
8582
5296
3407
61
381
11447
5846
62
2228
192
2830
10960
1880
2503
192
10960
11447
2503
2228
10508
2850
381
62
12888
5296
3407
5846
5141
8582
61
2830
3938
1880
5427
62
2830
3938
12888
2503
3407
8582
11447
10960
381
2228
5296
5846
2850
5427
5141
1880
192
61
10508
10508
10960
3938
1880
61
2830
2850
5846
12888
2228
5296
11447
62
5427
5141
2503
3407
381
8582
192
5846
10960
11447
1880
381
62
8582
3938
2503
192
2850
2228
2830
10508
61
12888
5296
5141
5427
3407
2228
10508
8582
5141
1880
5846
5427
3407
62
3938
10960
2503
2850
12888
2830
11447
381
61
5296
192
3407
5427
10960
5296
2503
381
2228
2830
3938
5141
11447
12888
8582
2850
62
61
5846
192
10508
1880
1880
2503
2228
2830
3938
5427
3407
192
5141
10960
8582
61
381
5846
10508
12888
11447
2850
5296
62
62
10960
11447
10508
3407
2850
5427
2228
5141
192
5846
381
8582
2503
12888
3938
2830
61
1880
5296
3407
1880
2503
10960
62
3938
8582
192
2228
61
5846
12888
5427
381
2830
10508
5296
5141
2850
11447
5296
12888
5427
2850
381
8582
3407
5846
2228
1880
10508
62
2830
11447
61
3938
10960
5141
2503
192
1880
5296
2830
62
2228
3938
192
5846
10960
2850
5141
11447
3407
2503
61
5427
8582
12888
10508
381
62
8582
12888
5846
2503
2830
5141
5427
3407
1880
10960
5296
192
61
3938
2850
2228
10508
381
11447
2850
5427
2830
5141
8582
1880
2228
10508
3938
3407
61
10960
381
11447
192
12888
5846
62
2503
5296
11447
5427
2503
12888
10960
2850
192
381
8582
2830
62
2228
3407
61
5141
5296
1880
3938
5846
10508
2503
381
8582
5296
3938
61
192
11447
10960
3407
5141
1880
2830
2228
5427
5846
12888
62
10508
2850
5427
2503
5296
192
12888
2850
11447
1880
3938
61
10508
2228
5846
5141
3407
381
10960
62
8582
2830
3938
8582
3407
5296
192
1880
381
62
10960
2850
5427
10508
2830
5141
2503
12888
61
2228
5846
11447
1880
5141
2228
2503
381
62
5846
12888
5427
3407
5296
10508
3938
61
10960
192
2850
8582
2830
11447
10508
61
5427
381
3407
11447
2503
8582
12888
5141
5296
2228
1880
192
5846
10960
62
2850
2830
3938
61
8582
381
62
2228
2850
5427
5141
192
2830
10960
11447
3407
5296
1880
12888
2503
3938
5846
10508
3938
10960
10508
2830
192
8582
3407
5296
5427
11447
12888
5846
2850
61
5141
1880
2228
381
62
2503
3938
5427
1880
3407
11447
62
8582
10508
2503
10960
5296
12888
2830
5846
61
381
192
2228
2850
5141
1880
8582
10508
5296
5427
2830
3938
2228
192
12888
2850
61
10960
5846
381
62
11447
3407
5141
2503
381
1880
192
2503
12888
8582
5141
5846
3407
10960
62
5296
11447
2830
10508
2228
5427
3938
61
2850
5296
381
2503
8582
1880
5141
3407
192
3938
5427
62
2830
12888
61
2850
11447
10960
10508
5846
2228
10508
5141
1880
5296
8582
5846
11447
381
62
2503
2228
3938
10960
5427
2830
61
2850
192
12888
3407
2830
5427
1880
3407
2228
61
3938
192
12888
10508
5846
10960
11447
5296
8582
2503
381
5141
62
2850
3407
5296
5846
8582
12888
11447
2830
62
5427
2850
2228
192
10960
2503
3938
61
381
1880
10508
5141
5141
2228
5427
5296
1880
62
10960
12888
192
3938
61
10508
381
8582
2850
11447
2503
3407
2830
5846
2228
5141
2850
5296
10960
8582
5846
5427
3938
2503
3407
192
62
381
1880
10508
12888
11447
2830
61
8582
5296
62
5846
11447
2830
5141
2503
192
10508
10960
2228
381
61
12888
3938
2850
3407
5427
1880
5141
3407
5427
2503
8582
1880
192
12888
2228
2830
381
5296
10960
2850
3938
10508
61
11447
5846
62
3938
5141
381
11447
2850
1880
2830
3407
10960
10508
5296
5846
192
62
5427
8582
2503
2228
61
12888
5846
2830
10508
2503
62
61
2228
2850
5141
12888
5427
1880
3938
192
10960
8582
11447
5296
3407
381
5141
61
3938
2228
5427
10960
2850
192
381
11447
5296
2830
1880
12888
10508
62
2503
5846
8582
3407
12888
5296
2228
5141
381
2830
2850
3938
10508
62
8582
11447
192
5427
10960
5846
2503
1880
61
3407
2830
2850
5846
1880
8582
192
10508
2228
61
62
3938
5296
5427
3407
5141
381
11447
12888
2503
10960
5296
381
3938
2503
2850
61
8582
192
10508
3407
1880
11447
5846
2228
5141
5427
2830
62
10960
12888
5846
8582
192
1880
10508
3407
5141
2503
5296
61
3938
2850
62
2830
11447
381
5427
2228
12888
10960
62
192
10508
10960
5427
2503
5296
3938
2850
8582
61
5846
12888
3407
2830
11447
1880
2228
5141
381
8582
1880
2830
10508
192
5427
12888
2503
2850
11447
10960
5296
61
5846
62
2228
381
3407
3938
5141
12888
192
2830
8582
2503
2850
10508
62
381
10960
5296
3938
61
5846
5427
5141
1880
2228
11447
3407
