212
1
55
248
56
152
68
224
54
60
212
1
55
248
56
152
68
224
54
60
212
1
55
248
56
152
68
224
54
60
212
1
55
248
56
152
68
224
54
60
212
1
55
248
56
152
68
224
54
60
212
1
55
248
56
152
68
224
54
60
212
1
55
248
56
152
68
224
54
60
212
1
55
248
56
152
68
224
54
60
212
1
55
248
56
152
68
224
54
60
212
1
55
248
56
152
68
224
54
60
212
1
55
248
56
152
68
224
54
60
212
1
55
248
56
152
68
224
54
60
212
1
55
248
56
152
68
224
54
60
212
1
55
248
56
152
68
224
54
60
212
1
55
248
56
152
68
224
54
60
212
1
55
248
56
152
68
224
54
60
212
1
55
248
56
152
68
224
54
60
212
1
55
248
56
152
68
224
54
60
212
1
55
248
56
152
68
224
54
60
212
1
55
248
56
152
68
224
54
60
212
1
55
248
56
152
68
224
54
60
212
1
55
248
56
152
68
224
54
60
212
1
55
248
56
152
68
224
54
60
212
1
55
248
56
152
68
224
54
60
212
1
55
248
56
152
68
224
54
60
212
1
55
248
56
152
68
224
54
60
212
1
55
248
56
152
68
224
54
60
212
1
55
248
56
152
68
224
54
60
212
1
55
248
56
152
68
224
54
60
212
1
55
248
56
152
68
224
54
60
212
1
55
248
56
152
68
224
54
60
212
1
55
248
56
152
68
224
54
60
212
1
55
248
56
152
68
224
54
60
212
1
55
248
56
152
68
224
54
60
212
1
55
248
56
152
68
224
54
60
212
1
55
248
56
152
68
224
54
60
212
1
55
248
56
152
68
224
54
60
212
1
55
248
56
152
68
224
54
60
212
1
55
248
56
152
68
224
54
60
212
1
55
248
56
152
68
224
54
60
212
1
55
248
56
152
68
224
54
60
212
1
55
248
56
152
68
224
54
60
212
1
55
248
56
152
68
224
54
60
212
1
55
248
56
152
68
224
54
60
212
1
55
248
56
152
68
224
54
60
212
1
55
248
56
152
68
224
54
60
212
1
55
248
56
152
68
224
54
60
212
1
55
248
56
152
68
224
54
60
212
1
55
248
56
152
68
224
54
60
212
1
55
248
56
152
68
224
54
60
