576
504
446
1043
1217
575
1185
595
2477
180
4223
180
4735
576
1217
1101
1185
686
595
563
1027
686
1191
6565
4735
1101
180
576
563
1030
1297
1185
4223
1046
509
2477
180
336
508
1191
1628
336
446
454
6565
1217
1191
508
509
504
1043
336
2477
1628
1185
508
1297
1191
1217
180
6565
1297
1628
1027
509
1185
686
508
1043
1101
595
2489
1191
563
576
4223
1046
4735
1185
446
336
595
1191
2477
1185
1046
1043
1217
576
1030
575
6565
446
1101
1185
508
1217
1046
595
1297
1185
1043
180
1101
686
924
595
575
509
2477
563
575
1191
1217
1027
1628
2477
4735
1168
686
595
2477
1217
924
508
1628
509
576
336
1191
454
509
575
1185
504
1168
1030
1027
1036
6565
563
2477
1030
1101
509
6565
180
454
1185
1043
2477
1168
6565
563
2489
1043
446
576
336
504
508
446
575
2489
1027
504
2477
686
595
924
1168
1030
4735
504
336
686
1217
1036
1297
563
1036
1185
576
575
454
2489
509
1168
1043
1027
1101
1030
454
1043
1168
446
1297
1046
1185
1027
1191
575
595
1217
1046
509
1185
1043
4223
924
575
6565
1297
1185
508
563
1027
1043
509
924
1046
1168
1191
1043
4735
595
2489
4223
1297
575
595
1185
1217
1168
1191
336
2489
6565
1297
576
2489
4735
4223
1217
336
1168
1101
6565
1628
1027
6565
575
1217
1168
1628
1185
4735
1046
446
4223
575
180
1101
924
1628
4735
1191
1217
595
2477
595
1101
336
1297
180
4223
2477
1217
1046
575
4223
1191
1297
1046
924
446
509
563
336
1217
1168
446
1043
1191
336
1036
1217
509
1628
1027
924
1191
595
504
6565
1185
4223
509
1027
454
4223
1168
1027
1036
1185
2477
1101
563
1297
576
1101
2489
1168
595
336
4223
1628
576
924
1297
686
1101
1297
1217
1191
1030
1043
1185
508
1046
1168
4223
1191
509
575
1046
508
1030
924
336
446
1628
336
924
4223
1297
595
563
509
1043
504
180
4223
2489
686
1036
1191
563
1043
1101
454
1101
504
6565
2489
1297
1030
4223
563
1185
446
595
1628
509
575
2489
6565
1027
504
576
1043
1046
686
2489
336
563
1101
1191
1217
1628
6565
1185
2489
446
595
1027
1036
686
4223
1168
1027
1030
595
1168
508
2489
1101
4735
563
6565
504
1101
508
576
924
1027
1036
1191
6565
1030
1217
576
4223
563
454
1036
446
6565
1046
1027
2477
4223
576
1030
595
575
180
1217
1036
446
4223
1168
575
1030
1046
924
1628
576
686
180
4735
575
924
180
2489
2477
1185
1297
686
446
336
446
1191
686
1027
1046
4223
1628
4735
1101
336
4223
508
1297
1043
576
509
1101
595
180
6565
1185
180
1217
1046
1101
509
1191
508
563
