342
5520
9190
413
398
601
5390
2960
37
2483
4884
4826
2494
4805
2852
385
1835
1531
2880
49
8
5453
413
195
1835
2542
5390
5383
4828
516
4805
49
2553
9190
3483
4884
4826
381
5520
2960
49
5390
1835
413
1531
4828
5211
8960
2483
2960
2553
1723
4884
2542
4826
217
342
2488
879
37
2553
1531
342
398
4828
3482
226
1835
9190
4805
195
2488
3483
601
37
413
5513
5211
879
5453
8960
1723
4828
516
8
3482
1531
5513
49
2852
1835
195
226
381
2553
385
5652
4805
217
9190
5390
9190
342
3483
879
195
1723
2483
37
49
8
4826
381
385
4805
1835
217
2542
5383
5211
8
342
2488
398
3483
5453
1835
5513
1723
4884
5652
516
381
413
49
5211
879
385
2553
601
2494
2960
1723
2880
1531
5383
1835
49
4828
5390
342
413
5211
8960
2553
4805
9190
4826
398
4884
5211
2852
217
226
1723
398
4884
2488
413
2494
49
9190
8
4805
2880
1835
381
1531
516
4826
226
2483
5390
516
2960
8960
49
601
2880
2852
413
195
1835
37
4884
2488
8
342
4828
9190
516
2542
4884
49
879
5453
1723
4826
9190
195
226
5652
2880
8960
3482
398
5211
2553
385
2852
2960
2542
8
2494
1835
516
217
3483
4884
5383
601
3482
1531
385
2553
5520
37
381
5390
398
49
2542
5211
5520
2852
5513
3483
1723
8
4826
37
2494
5652
5453
5383
8960
195
9190
2960
398
5383
9190
3482
5390
398
1835
879
3483
5513
413
601
4826
1531
195
2960
5211
5453
4884
2880
226
398
4826
3482
2483
5652
2542
5520
3483
601
226
217
2494
413
4884
49
516
5390
879
5383
1531
5513
3483
195
3482
1531
601
398
37
1723
381
385
8960
2880
342
2494
5520
1835
2960
2553
4805
5520
5453
5383
3482
342
5513
385
4884
2542
8
4828
3483
879
4826
5211
1531
516
601
2852
5390
226
2852
5520
5652
342
5383
1531
8960
1835
4828
398
5390
195
413
2553
5513
217
601
4826
381
5453
3482
879
226
8960
1835
37
2483
413
381
5383
5390
8
2852
4805
9190
2488
1531
1723
3483
5652
601
5513
2494
49
2488
5520
4805
879
1835
381
4828
385
2960
2483
8960
5211
2542
5390
5383
2542
385
2488
4805
3482
5390
5652
4884
879
49
5383
226
1835
2494
8960
2960
8
37
2553
217
1531
413
2960
4828
5453
342
5390
381
2852
5211
398
2553
195
1723
2880
5383
226
2483
4826
217
516
5383
195
8960
2880
381
1723
385
601
5453
3482
1531
2960
398
2852
2553
4828
226
2483
2488
1531
5453
4826
226
342
2960
5520
5383
2880
4828
2852
5390
5652
37
385
217
2488
398
8
195
4805
3483
5453
342
2880
8960
217
1835
1531
5383
2852
879
5513
2960
2542
413
381
5390
4826
5211
37
5652
9190
3482
4805
226
5520
2553
1723
5453
8
5383
342
217
5390
195
879
2852
516
381
342
413
601
5211
516
4884
5453
2488
8960
1531
5390
1723
2960
2852
4826
226
9190
2494
3483
2880
2488
2852
5453
2880
3482
381
413
49
2542
2553
4828
8960
1531
5383
4884
601
5211
5513
342
5520
8960
37
385
8
2488
4884
342
2553
9190
2960
2880
5520
49
2852
413
5390
3482
879
5211
4826
195
5383
37
342
4828
2488
5652
4884
5211
1835
8960
49
2852
3483
1531
601
2494
879
2542
5520
3483
2483
2553
2852
9190
1723
398
5211
381
8
5383
5513
516
5390
49
2960
2494
879
37
4826
1835
2880
217
879
5513
2494
2553
49
2488
2960
4828
601
2483
4826
5652
5211
5390
342
195
2852
2488
2494
37
5453
385
3483
5383
342
2553
601
4884
5211
413
5520
2960
8
4805
8960
49
1531
1531
5652
2483
2960
195
5520
4884
5453
49
3482
5513
226
398
8
2542
601
2494
5390
381
879
601
195
3483
2542
8960
1723
385
5652
879
4805
217
226
5513
4826
516
8
342
9190
37
49
37
5383
217
3483
2483
342
601
8960
2553
195
879
5390
516
5453
413
8
4805
2960
1723
1835
385
1723
226
1531
5453
195
879
2483
5520
217
5652
2553
2960
37
5383
2494
5211
2852
601
398
2494
2542
5383
8960
4805
2960
5520
5453
8
381
37
4828
2852
4826
4884
516
5513
49
195
879
226
2494
2960
3483
4826
2488
1531
5390
4828
8
49
342
4884
2880
5383
4805
217
5520
2553
5453
601
195
516
5211
5383
3482
2488
217
49
3483
2494
1835
381
2880
4826
4884
342
8
385
2542
342
2553
49
5211
381
8960
226
4805
601
2542
1531
2494
9190
4828
879
2488
398
8
2880
217
4826
2553
49
3482
381
5520
516
226
5211
1531
3483
342
5390
2880
4828
2488
879
1723
4884
1835
2960
2542
4828
4884
3483
8960
37
4826
385
342
1835
8
4805
381
195
2880
217
601
5513
5390
9190
2542
385
2852
1723
2483
5513
879
8
226
398
1835
4884
2488
5211
5453
2494
8960
4826
49
5390
9190
2488
385
8960
2880
226
37
2494
5520
879
1723
49
1835
398
2852
601
4884
2483
5211
413
3483
1723
2880
5513
1531
5453
217
226
9190
2553
2852
5520
516
3482
5211
342
879
2488
5652
3482
413
9190
398
37
2494
516
5513
385
4805
4828
2852
2960
217
226
5211
2488
5383
2553
5520
5453
3483
398
2483
4884
2542
226
5211
8
879
5383
1835
217
5390
381
2852
49
4828
413
5652
879
2494
342
8960
1531
4884
5652
226
37
2553
516
5453
9190
2852
5390
5211
1723
2880
217
4805
4828
413
3482
8960
195
49
3483
4826
5453
5652
2880
2960
5520
1835
5383
381
5513
4805
385
37
