232
499
592
802
225
1139
76
233
520
273
136
355
383
72
188
299
175
292
734
106
588
802
72
225
1139
76
233
140
458
423
336
353
314
652
566
851
400
478
273
241
273
241
499
383
851
140
734
353
299
1028
652
400
566
416
588
355
292
1139
188
802
353
400
255
1139
195
76
1028
499
225
188
566
592
370
292
478
851
588
175
423
383
652
592
400
566
499
292
76
520
355
188
314
136
72
353
195
802
175
416
734
516
520
232
273
314
175
802
1028
72
136
516
225
299
336
140
355
233
241
76
255
734
516
734
478
232
225
400
292
136
353
370
1139
106
175
241
188
652
76
195
588
140
566
400
423
478
458
1028
76
136
314
520
1139
241
499
72
802
175
273
336
416
526
106
520
802
592
588
652
516
188
1028
423
72
140
225
255
76
353
314
136
299
478
526
1139
592
355
225
241
588
232
336
383
175
255
458
423
76
370
140
416
520
72
516
566
188
458
851
255
195
802
423
292
520
592
136
526
299
499
140
336
383
241
255
106
353
516
292
299
520
652
314
423
383
851
188
336
566
225
1139
233
734
592
588
336
1028
734
232
188
233
106
458
526
314
652
400
423
175
353
520
355
72
1139
106
802
566
458
299
188
175
516
336
232
1028
1139
136
499
383
241
140
233
526
353
478
520
588
195
370
383
851
1028
566
76
292
72
499
314
241
188
225
458
416
400
76
370
336
478
188
255
802
588
851
225
652
136
423
195
383
299
273
140
566
520
734
188
232
400
652
225
292
136
195
273
416
851
526
458
353
106
140
314
478
255
188
499
314
195
232
353
355
400
336
175
273
299
526
225
136
370
106
416
383
233
1028
526
299
140
175
370
336
478
458
734
588
72
314
355
1139
516
802
292
383
273
802
478
299
851
416
458
232
175
106
400
72
566
1139
255
355
370
314
188
588
273
233
516
370
423
478
520
652
802
526
851
195
566
588
314
273
353
106
188
400
140
734
802
478
458
355
499
516
592
188
225
232
255
1028
370
400
353
336
652
566
526
423
233
140
175
526
195
72
76
588
1139
136
416
314
652
273
241
232
255
851
802
734
241
652
423
232
188
292
195
526
225
416
255
353
478
370
383
355
802
106
299
72
195
140
592
526
1028
802
423
478
292
233
232
273
499
175
566
416
516
314
106
383
195
1139
520
370
232
734
355
416
72
292
652
336
255
478
592
423
273
136
299
520
592
273
175
140
1139
423
458
195
336
370
355
225
255
652
299
76
588
188
383
652
72
370
106
188
423
1028
416
526
400
802
233
353
195
383
1139
458
140
478
241
76
299
588
400
1028
136
175
292
273
255
195
458
1139
314
592
416
499
652
225
423
72
225
516
416
526
383
370
175
136
233
499
140
292
255
592
566
188
1028
734
802
526
478
136
423
106
400
851
140
273
566
232
225
241
588
1139
516
652
592
353
233
292
106
520
478
233
526
851
416
458
1139
175
195
499
516
652
383
353
592
802
299
292
520
458
499
566
416
516
314
225
851
526
1139
273
370
232
1028
175
255
588
188
336
734
241
370
232
851
400
1028
233
136
588
499
225
516
458
76
140
802
383
106
526
255
520
423
314
499
292
195
336
233
566
458
353
140
1139
299
188
592
1028
355
241
588
526
499
292
1028
1139
336
652
566
188
458
423
232
195
516
233
72
299
416
188
1139
416
195
423
175
566
652
336
1028
76
140
355
588
292
400
802
273
526
370
400
802
458
355
592
423
499
734
241
273
72
292
136
416
255
299
353
106
520
478
241
232
592
566
355
370
76
106
336
72
1028
423
516
458
588
225
188
383
353
652
255
292
1028
370
588
566
225
72
273
592
299
76
336
188
232
516
140
233
478
423
188
299
458
400
273
136
232
734
566
175
106
355
416
1028
851
353
292
225
478
314
292
851
195
520
383
400
526
734
652
416
255
188
802
566
458
72
232
175
233
106
400
76
353
592
588
370
299
1139
106
652
273
188
1028
478
136
233
232
255
292
734
802
499
851
72
400
588
188
1028
652
336
140
423
370
299
136
292
516
225
314
195
592
355
458
273
516
1028
526
400
299
588
314
566
478
383
241
232
353
136
734
652
802
255
273
353
566
175
520
370
526
383
336
734
592
588
478
516
355
195
76
1028
526
499
592
734
1139
416
652
355
314
72
520
76
802
255
273
383
478
188
370
140
516
383
232
499
400
136
273
423
355
314
336
592
106
188
588
195
478
652
76
299
416
516
175
299
370
76
188
1028
588
566
592
520
400
423
851
458
526
273
232
106
225
458
188
416
273
299
802
140
1139
241
370
499
175
566
1028
195
314
516
588
292
