499
526
72
336
299
355
592
314
566
802
452
265
146
575
480
400
243
586
504
516
499
526
72
336
299
355
592
314
566
802
452
265
146
575
480
400
243
586
504
516
499
526
72
336
299
355
592
314
566
802
452
265
146
575
480
400
243
586
504
516
499
526
72
336
299
355
592
314
566
802
452
265
146
575
480
400
243
586
504
516
499
526
72
336
299
355
592
314
566
802
452
265
146
575
480
400
243
586
504
516
499
526
72
336
299
355
592
314
566
802
452
265
146
575
480
400
243
586
504
516
499
526
72
336
299
355
592
314
566
802
452
265
146
575
480
400
243
586
504
516
499
526
72
336
299
355
592
314
566
802
452
265
146
575
480
400
243
586
504
516
499
526
72
336
299
355
592
314
566
802
452
265
146
575
480
400
243
586
504
516
499
526
72
336
299
355
592
314
566
802
452
265
146
575
480
400
243
586
504
516
499
526
72
336
299
355
592
314
566
802
452
265
146
575
480
400
243
586
504
516
499
526
72
336
299
355
592
314
566
802
452
265
146
575
480
400
243
586
504
516
499
526
72
336
299
355
592
314
566
802
452
265
146
575
480
400
243
586
504
516
499
526
72
336
299
355
592
314
566
802
452
265
146
575
480
400
243
586
504
516
499
526
72
336
299
355
592
314
566
802
452
265
146
575
480
400
243
586
504
516
499
526
72
336
299
355
592
314
566
802
452
265
146
575
480
400
243
586
504
516
499
526
72
336
299
355
592
314
566
802
452
265
146
575
480
400
243
586
504
516
499
526
72
336
299
355
592
314
566
802
452
265
146
575
480
400
243
586
504
516
499
526
72
336
299
355
592
314
566
802
452
265
146
575
480
400
243
586
504
516
499
526
72
336
299
355
592
314
566
802
452
265
146
575
480
400
243
586
504
516
499
526
72
336
299
355
592
314
566
802
452
265
146
575
480
400
243
586
504
516
499
526
72
336
299
355
592
314
566
802
452
265
146
575
480
400
243
586
504
516
499
526
72
336
299
355
592
314
566
802
452
265
146
575
480
400
243
586
504
516
499
526
72
336
299
355
592
314
566
802
452
265
146
575
480
400
243
586
504
516
499
526
72
336
299
355
592
314
566
802
452
265
146
575
480
400
243
586
504
516
499
526
72
336
299
355
592
314
566
802
452
265
146
575
480
400
243
586
504
516
499
526
72
336
299
355
592
314
566
802
452
265
146
575
480
400
243
586
504
516
499
526
72
336
299
355
592
314
566
802
452
265
146
575
480
400
243
586
504
516
499
526
72
336
299
355
592
314
566
802
452
265
146
575
480
400
243
586
504
516
499
526
72
336
299
355
592
314
566
802
452
265
146
575
480
400
243
586
504
516
499
526
72
336
299
355
592
314
566
802
452
265
146
575
480
400
243
586
504
516
499
526
72
336
299
355
592
314
566
802
452
265
146
575
480
400
243
586
504
516
499
526
72
336
299
355
592
314
566
802
452
265
146
575
480
400
243
586
504
516
499
526
72
336
299
355
592
314
566
802
452
265
146
575
480
400
243
586
504
516
499
526
72
336
299
355
592
314
566
802
452
265
146
575
480
400
243
586
504
516
499
526
72
336
299
355
592
314
566
802
452
265
146
575
480
400
243
586
504
516
499
526
72
336
299
355
592
314
566
802
452
265
146
575
480
400
243
586
504
516
499
526
72
336
299
355
592
314
566
802
452
265
146
575
480
400
243
586
504
516
499
526
72
336
299
355
592
314
566
802
452
265
146
575
480
400
243
586
504
516
499
526
72
336
299
355
592
314
566
802
452
265
146
575
480
400
243
586
504
516
499
526
72
336
299
355
592
314
566
802
452
265
146
575
480
400
243
586
504
516
499
526
72
336
299
355
592
314
566
802
452
265
146
575
480
400
243
586
504
516
499
526
72
336
299
355
592
314
566
802
452
265
146
575
480
400
243
586
504
516
499
526
72
336
299
355
592
314
566
802
452
265
146
575
480
400
243
586
504
516
499
526
72
336
299
355
592
314
566
802
452
265
146
575
480
400
243
586
504
516
499
526
72
336
299
355
592
314
566
802
452
265
146
575
480
400
243
586
504
516
499
526
72
336
299
355
592
314
566
802
452
265
146
575
480
400
243
586
504
516
499
526
72
336
299
355
592
314
566
802
452
265
146
575
480
400
243
586
504
516
499
526
72
336
299
355
592
314
566
802
452
265
146
575
480
400
243
586
504
516
499
526
72
336
299
355
592
314
566
802
452
265
146
575
480
400
243
586
504
516
