563
78
823
481
664
592
1528
672
1076
530
473
180
551
404
398
480
400
335
2572
462
563
78
823
481
664
592
1528
672
1076
530
473
180
551
404
398
480
400
335
2572
462
563
78
823
481
664
592
1528
672
1076
530
473
180
551
404
398
480
400
335
2572
462
563
78
823
481
664
592
1528
672
1076
530
473
180
551
404
398
480
400
335
2572
462
563
78
823
481
664
592
1528
672
1076
530
473
180
551
404
398
480
400
335
2572
462
563
78
823
481
664
592
1528
672
1076
530
473
180
551
404
398
480
400
335
2572
462
563
78
823
481
664
592
1528
672
1076
530
473
180
551
404
398
480
400
335
2572
462
563
78
823
481
664
592
1528
672
1076
530
473
180
551
404
398
480
400
335
2572
462
563
78
823
481
664
592
1528
672
1076
530
473
180
551
404
398
480
400
335
2572
462
563
78
823
481
664
592
1528
672
1076
530
473
180
551
404
398
480
400
335
2572
462
563
78
823
481
664
592
1528
672
1076
530
473
180
551
404
398
480
400
335
2572
462
563
78
823
481
664
592
1528
672
1076
530
473
180
551
404
398
480
400
335
2572
462
563
78
823
481
664
592
1528
672
1076
530
473
180
551
404
398
480
400
335
2572
462
563
78
823
481
664
592
1528
672
1076
530
473
180
551
404
398
480
400
335
2572
462
563
78
823
481
664
592
1528
672
1076
530
473
180
551
404
398
480
400
335
2572
462
563
78
823
481
664
592
1528
672
1076
530
473
180
551
404
398
480
400
335
2572
462
563
78
823
481
664
592
1528
672
1076
530
473
180
551
404
398
480
400
335
2572
462
563
78
823
481
664
592
1528
672
1076
530
473
180
551
404
398
480
400
335
2572
462
563
78
823
481
664
592
1528
672
1076
530
473
180
551
404
398
480
400
335
2572
462
563
78
823
481
664
592
1528
672
1076
530
473
180
551
404
398
480
400
335
2572
462
563
78
823
481
664
592
1528
672
1076
530
473
180
551
404
398
480
400
335
2572
462
563
78
823
481
664
592
1528
672
1076
530
473
180
551
404
398
480
400
335
2572
462
563
78
823
481
664
592
1528
672
1076
530
473
180
551
404
398
480
400
335
2572
462
563
78
823
481
664
592
1528
672
1076
530
473
180
551
404
398
480
400
335
2572
462
563
78
823
481
664
592
1528
672
1076
530
473
180
551
404
398
480
400
335
2572
462
563
78
823
481
664
592
1528
672
1076
530
473
180
551
404
398
480
400
335
2572
462
563
78
823
481
664
592
1528
672
1076
530
473
180
551
404
398
480
400
335
2572
462
563
78
823
481
664
592
1528
672
1076
530
473
180
551
404
398
480
400
335
2572
462
563
78
823
481
664
592
1528
672
1076
530
473
180
551
404
398
480
400
335
2572
462
563
78
823
481
664
592
1528
672
1076
530
473
180
551
404
398
480
400
335
2572
462
563
78
823
481
664
592
1528
672
1076
530
473
180
551
404
398
480
400
335
2572
462
563
78
823
481
664
592
1528
672
1076
530
473
180
551
404
398
480
400
335
2572
462
563
78
823
481
664
592
1528
672
1076
530
473
180
551
404
398
480
400
335
2572
462
563
78
823
481
664
592
1528
672
1076
530
473
180
551
404
398
480
400
335
2572
462
563
78
823
481
664
592
1528
672
1076
530
473
180
551
404
398
480
400
335
2572
462
563
78
823
481
664
592
1528
672
1076
530
473
180
551
404
398
480
400
335
2572
462
563
78
823
481
664
592
1528
672
1076
530
473
180
551
404
398
480
400
335
2572
462
563
78
823
481
664
592
1528
672
1076
530
473
180
551
404
398
480
400
335
2572
462
563
78
823
481
664
592
1528
672
1076
530
473
180
551
404
398
480
400
335
2572
462
563
78
823
481
664
592
1528
672
1076
530
473
180
551
404
398
480
400
335
2572
462
563
78
823
481
664
592
1528
672
1076
530
473
180
551
404
398
480
400
335
2572
462
563
78
823
481
664
592
1528
672
1076
530
473
180
551
404
398
480
400
335
2572
462
563
78
823
481
664
592
1528
672
1076
530
473
180
551
404
398
480
400
335
2572
462
563
78
823
481
664
592
1528
672
1076
530
473
180
551
404
398
480
400
335
2572
462
563
78
823
481
664
592
1528
672
1076
530
473
180
551
404
398
480
400
335
2572
462
563
78
823
481
664
592
1528
672
1076
530
473
180
551
404
398
480
400
335
2572
462
563
78
823
481
664
592
1528
672
1076
530
473
180
551
404
398
480
400
335
2572
462
563
78
823
481
664
592
1528
672
1076
530
473
180
551
404
398
480
400
335
2572
462
563
78
823
481
664
592
1528
672
1076
530
473
180
551
404
398
480
400
335
2572
462
563
78
823
481
664
592
1528
672
1076
530
473
180
551
404
398
480
400
335
2572
462
