299
516
1139
566
273
592
526
588
232
499
802
72
438
823
314
343
851
336
225
423
299
516
1139
566
273
592
526
588
232
499
802
72
438
823
314
343
851
336
225
423
299
516
1139
566
273
592
526
588
232
499
802
72
438
823
314
343
851
336
225
423
299
516
1139
566
273
592
526
588
232
499
802
72
438
823
314
343
851
336
225
423
299
516
1139
566
273
592
526
588
232
499
802
72
438
823
314
343
851
336
225
423
299
516
1139
566
273
592
526
588
232
499
802
72
438
823
314
343
851
336
225
423
299
516
1139
566
273
592
526
588
232
499
802
72
438
823
314
343
851
336
225
423
299
516
1139
566
273
592
526
588
232
499
802
72
438
823
314
343
851
336
225
423
299
516
1139
566
273
592
526
588
232
499
802
72
438
823
314
343
851
336
225
423
299
516
1139
566
273
592
526
588
232
499
802
72
438
823
314
343
851
336
225
423
299
516
1139
566
273
592
526
588
232
499
802
72
438
823
314
343
851
336
225
423
299
516
1139
566
273
592
526
588
232
499
802
72
438
823
314
343
851
336
225
423
299
516
1139
566
273
592
526
588
232
499
802
72
438
823
314
343
851
336
225
423
299
516
1139
566
273
592
526
588
232
499
802
72
438
823
314
343
851
336
225
423
299
516
1139
566
273
592
526
588
232
499
802
72
438
823
314
343
851
336
225
423
299
516
1139
566
273
592
526
588
232
499
802
72
438
823
314
343
851
336
225
423
299
516
1139
566
273
592
526
588
232
499
802
72
438
823
314
343
851
336
225
423
299
516
1139
566
273
592
526
588
232
499
802
72
438
823
314
343
851
336
225
423
299
516
1139
566
273
592
526
588
232
499
802
72
438
823
314
343
851
336
225
423
299
516
1139
566
273
592
526
588
232
499
802
72
438
823
314
343
851
336
225
423
299
516
1139
566
273
592
526
588
232
499
802
72
438
823
314
343
851
336
225
423
299
516
1139
566
273
592
526
588
232
499
802
72
438
823
314
343
851
336
225
423
299
516
1139
566
273
592
526
588
232
499
802
72
438
823
314
343
851
336
225
423
299
516
1139
566
273
592
526
588
232
499
802
72
438
823
314
343
851
336
225
423
299
516
1139
566
273
592
526
588
232
499
802
72
438
823
314
343
851
336
225
423
299
516
1139
566
273
592
526
588
232
499
802
72
438
823
314
343
851
336
225
423
299
516
1139
566
273
592
526
588
232
499
802
72
438
823
314
343
851
336
225
423
299
516
1139
566
273
592
526
588
232
499
802
72
438
823
314
343
851
336
225
423
299
516
1139
566
273
592
526
588
232
499
802
72
438
823
314
343
851
336
225
423
299
516
1139
566
273
592
526
588
232
499
802
72
438
823
314
343
851
336
225
423
299
516
1139
566
273
592
526
588
232
499
802
72
438
823
314
343
851
336
225
423
299
516
1139
566
273
592
526
588
232
499
802
72
438
823
314
343
851
336
225
423
299
516
1139
566
273
592
526
588
232
499
802
72
438
823
314
343
851
336
225
423
299
516
1139
566
273
592
526
588
232
499
802
72
438
823
314
343
851
336
225
423
299
516
1139
566
273
592
526
588
232
499
802
72
438
823
314
343
851
336
225
423
299
516
1139
566
273
592
526
588
232
499
802
72
438
823
314
343
851
336
225
423
299
516
1139
566
273
592
526
588
232
499
802
72
438
823
314
343
851
336
225
423
299
516
1139
566
273
592
526
588
232
499
802
72
438
823
314
343
851
336
225
423
299
516
1139
566
273
592
526
588
232
499
802
72
438
823
314
343
851
336
225
423
299
516
1139
566
273
592
526
588
232
499
802
72
438
823
314
343
851
336
225
423
299
516
1139
566
273
592
526
588
232
499
802
72
438
823
314
343
851
336
225
423
299
516
1139
566
273
592
526
588
232
499
802
72
438
823
314
343
851
336
225
423
299
516
1139
566
273
592
526
588
232
499
802
72
438
823
314
343
851
336
225
423
299
516
1139
566
273
592
526
588
232
499
802
72
438
823
314
343
851
336
225
423
299
516
1139
566
273
592
526
588
232
499
802
72
438
823
314
343
851
336
225
423
299
516
1139
566
273
592
526
588
232
499
802
72
438
823
314
343
851
336
225
423
299
516
1139
566
273
592
526
588
232
499
802
72
438
823
314
343
851
336
225
423
299
516
1139
566
273
592
526
588
232
499
802
72
438
823
314
343
851
336
225
423
299
516
1139
566
273
592
526
588
232
499
802
72
438
823
314
343
851
336
225
423
299
516
1139
566
273
592
526
588
232
499
802
72
438
823
314
343
851
336
225
423
